# Blender v2.79 (sub 0) OBJ File: 'TSSpawn.blend'
# www.blender.org
mtllib timerspawn.mtl
o Cube.001_Cube
v 0.708074 0.571660 0.255530
v 0.673749 0.767923 0.578893
v 0.704496 0.246815 0.452313
v 0.670172 0.443078 0.775675
v 0.329828 0.556922 0.224325
v 0.295504 0.753185 0.547687
v 0.326251 0.232077 0.421107
v 0.291926 0.428340 0.744470
v 0.680583 0.767069 0.434734
v 0.714873 0.549403 0.744100
v 0.662983 0.455853 0.217718
v 0.697273 0.238188 0.527083
v 0.302727 0.761812 0.472917
v 0.337017 0.544147 0.782282
v 0.285127 0.450597 0.255900
v 0.319417 0.232931 0.565266
v 0.749810 0.338963 0.359083
v 0.676109 0.709199 0.317197
v 0.691972 0.369776 0.733204
v 0.618271 0.740011 0.691317
v 0.381729 0.259989 0.308683
v 0.308028 0.630224 0.266796
v 0.323891 0.290801 0.682803
v 0.250190 0.661036 0.640917
v 0.635093 0.273191 0.696222
v 0.275975 0.395136 0.716823
v 0.604258 0.246172 0.318624
v 0.245140 0.368117 0.339225
v 0.754860 0.631883 0.660775
v 0.395742 0.753828 0.681376
v 0.724025 0.604864 0.283177
v 0.364907 0.726809 0.303778
v 0.736357 0.273191 0.529806
v 0.512677 0.395136 0.811510
v 0.434050 0.246172 0.301462
v 0.210370 0.368117 0.583166
v 0.789630 0.631883 0.416834
v 0.565950 0.753828 0.698538
v 0.487323 0.604864 0.188490
v 0.263643 0.726809 0.470194
vt 0.344955 0.040421
vt 0.959579 0.344955
vt 0.655045 0.959579
vt 0.040421 0.655045
vt 0.344955 0.040421
vt 0.959579 0.344955
vt 0.655045 0.959579
vt 0.040421 0.655045
vt 0.344955 0.040421
vt 0.959579 0.344955
vt 0.655045 0.959579
vt 0.040421 0.655045
vt 0.344955 0.040421
vt 0.959579 0.344955
vt 0.655045 0.959579
vt 0.040421 0.655045
vt 0.959579 0.344955
vt 0.655045 0.959579
vt 0.344955 0.040421
vt 0.040421 0.655045
vt 0.344955 0.040421
vt 0.959579 0.344955
vt 0.655045 0.959579
vt 0.040421 0.655045
vt 0.344955 0.040421
vt 0.959579 0.344955
vt 0.655045 0.959579
vt 0.040421 0.655045
vt 0.344955 0.040421
vt 0.959579 0.344955
vt 0.655045 0.959579
vt 0.040421 0.655045
vt 0.344955 0.040421
vt 0.959579 0.344955
vt 0.655045 0.959579
vt 0.040421 0.655045
vt 0.959579 0.344955
vt 0.655045 0.959579
vt 0.344955 0.040421
vt 0.040421 0.655045
vt 0.344955 0.040421
vt 0.959579 0.344955
vt 0.655045 0.959579
vt 0.040421 0.655045
vt 0.344955 0.040421
vt 0.959579 0.344955
vt 0.655045 0.959579
vt 0.040421 0.655045
vt 0.344955 0.040421
vt 0.959579 0.344955
vt 0.655045 0.959579
vt 0.040421 0.655045
vt 0.344955 0.040421
vt 0.959579 0.344955
vt 0.655045 0.959579
vt 0.040421 0.655045
vt 0.959579 0.344955
vt 0.655045 0.959579
vt 0.344955 0.040421
vt 0.040421 0.655045
vt 0.344955 0.040421
vt 0.959579 0.344955
vt 0.655045 0.959579
vt 0.040421 0.655045
vt 0.344955 0.040421
vt 0.959579 0.344955
vt 0.655045 0.959579
vt 0.040421 0.655045
vt 0.344955 0.040421
vt 0.959579 0.344955
vt 0.655045 0.959579
vt 0.040421 0.655045
vt 0.344955 0.040421
vt 0.959579 0.344955
vt 0.655045 0.959579
vt 0.040421 0.655045
vt 0.959579 0.344955
vt 0.655045 0.959579
vt 0.344955 0.040421
vt 0.040421 0.655045
vt 0.344955 0.040421
vt 0.959579 0.344955
vt 0.655045 0.959579
vt 0.040421 0.655045
vt 0.344955 0.040421
vt 0.959579 0.344955
vt 0.655045 0.959579
vt 0.040421 0.655045
vt 0.344955 0.040421
vt 0.959579 0.344955
vt 0.655045 0.959579
vt 0.040421 0.655045
vt 0.344955 0.040421
vt 0.959579 0.344955
vt 0.655045 0.959579
vt 0.040421 0.655045
vt 0.959579 0.344955
vt 0.655045 0.959579
vt 0.344955 0.040421
vt 0.040421 0.655045
vn 0.9959 0.0388 0.0822
vn -0.0094 -0.8553 0.5181
vn -0.9959 -0.0388 -0.0822
vn 0.0094 0.8553 -0.5181
vn 0.0904 -0.5167 -0.8514
vn -0.0904 0.5167 0.8514
vn 0.9948 0.0138 -0.1005
vn -0.0463 -0.8194 -0.5714
vn -0.9948 -0.0138 0.1005
vn 0.0463 0.8194 0.5714
vn -0.0903 0.5731 -0.8145
vn 0.0903 -0.5731 0.8145
vn 0.9691 0.2079 0.1327
vn -0.1523 0.0811 0.9850
vn -0.9691 -0.2079 -0.1327
vn 0.1523 -0.0811 -0.9850
vn 0.1940 -0.9748 0.1103
vn -0.1940 0.9748 -0.1103
vn -0.3153 -0.9444 0.0933
vn -0.0812 -0.0711 -0.9942
vn 0.3153 0.9444 -0.0933
vn 0.0812 0.0711 0.9942
vn 0.9455 -0.3211 -0.0542
vn -0.9455 0.3211 0.0542
vn -0.1403 -0.9444 0.2974
vn -0.7959 -0.0711 -0.6012
vn 0.1403 0.9444 -0.2974
vn 0.7959 0.0711 0.6012
vn 0.5889 -0.3211 -0.7417
vn -0.5889 0.3211 0.7417
usemtl body
s off
f 1/1/1 2/2/1 4/3/1 3/4/1
f 3/5/2 4/6/2 8/7/2 7/8/2
f 7/9/3 8/10/3 6/11/3 5/12/3
f 5/13/4 6/14/4 2/15/4 1/16/4
f 3/5/5 7/17/5 5/18/5 1/16/5
f 8/19/6 4/6/6 2/15/6 6/20/6
f 9/21/7 10/22/7 12/23/7 11/24/7
f 11/25/8 12/26/8 16/27/8 15/28/8
f 15/29/9 16/30/9 14/31/9 13/32/9
f 13/33/10 14/34/10 10/35/10 9/36/10
f 11/25/11 15/37/11 13/38/11 9/36/11
f 16/39/12 12/26/12 10/35/12 14/40/12
f 17/41/13 18/42/13 20/43/13 19/44/13
f 19/45/14 20/46/14 24/47/14 23/48/14
f 23/49/15 24/50/15 22/51/15 21/52/15
f 21/53/16 22/54/16 18/55/16 17/56/16
f 19/45/17 23/57/17 21/58/17 17/56/17
f 24/59/18 20/46/18 18/55/18 22/60/18
f 25/61/19 26/62/19 28/63/19 27/64/19
f 27/65/20 28/66/20 32/67/20 31/68/20
f 31/69/21 32/70/21 30/71/21 29/72/21
f 29/73/22 30/74/22 26/75/22 25/76/22
f 27/65/23 31/77/23 29/78/23 25/76/23
f 32/79/24 28/66/24 26/75/24 30/80/24
f 33/81/25 34/82/25 36/83/25 35/84/25
f 35/85/26 36/86/26 40/87/26 39/88/26
f 39/89/27 40/90/27 38/91/27 37/92/27
f 37/93/28 38/94/28 34/95/28 33/96/28
f 35/85/29 39/97/29 37/98/29 33/96/29
f 40/99/30 36/86/30 34/95/30 38/100/30
